0.009999833334166664
0.03998933418663416
0.08987854919801104
0.15931820661424598
0.24740395925452294
0.35227423327508994
0.470625888171158
0.5971954413623921
0.7242871743701426
0.8414709848078965
0.9356160015533859
0.9914583481916864
0.9929036510941185
0.9252115207881683
0.7780731968879212
0.5493554364271266
0.24894678667315256
-0.09824859374510868
-0.45146575216142315
-0.7568024953079282
-0.9546277716602164
-0.9918687573109126
-0.8377694801650978
-0.49964188311690244
-0.03317921654755682
0.4589514863776903
0.8451334116572173
0.9999022585479752
0.8493633785054673
0.4121184852417566
-0.1841647794006734
-0.7278778703497366
-0.9944322093031953
-0.8448959437760261
-0.3111193549811273
0.38354275541260996
0.901675770066391
0.9544954302409214
0.47763714491401266
-0.2879033166650653
-0.8921293646943759
-0.9354591409916635
-0.3518585869321702
0.48856476577251795
0.9855251115651197
0.7387060297037729
-0.09869051400970623
-0.8668511558263118
-0.9012913640886236
-0.13235175009777303